x <-
structure(list(V1 = structure(c(1L, 2L, 3L, 4L, 5L, 6L, 7L, 8L, 
9L, 10L, 12L, 13L, 14L, 15L, 16L, 17L, 18L, 19L, 20L, 21L, 22L, 
23L, 24L, 25L, 26L, 27L, 11L, 28L, 29L, 30L, 31L, 32L, 33L, 34L, 
35L, 36L, 37L, 38L, 39L, 40L, 42L, 41L, 43L, 44L, 45L, 46L, 47L, 
48L, 49L, 50L, 52L, 53L, 51L, 54L, 55L, 56L, 57L, 58L, 59L, 91L, 
60L, 61L, 92L, 62L, 63L, 64L, 65L, 66L, 67L, 68L, 69L, 70L, 71L, 
72L, 73L, 74L, 75L, 76L, 77L, 78L, 79L, 80L, 82L, 81L, 83L, 86L, 
87L, 88L, 84L, 85L, 89L, 90L, 93L), .Label = c("./8 Ball Pool 3.1.4.ipa", 
"./Adventure 1.3.1.ipa", "./Animal Voyage 1.34.ipa", "./Bahamut 6.0.4.ipa", 
"./Bingo 1.7.3.ipa", "./Bingo Bash\342\204\242 featuring Wheel of Fortune\302\256 Bingo and more! 1.40.17.ipa", 
"./Bingo Blitz 2.95.0.ipa", "./Blitz 1.6.6.ipa", "./Boom Beach 20.45.1.ipa", 
"./BubbleWitch2 1.18.1.ipa", "./CSR Racing 2.5.0.ipa", "./Caesars Slots 1.30.2.ipa", 
"./Camp 2.9.0.ipa", "./Candy Crush 1.35.16.ipa", "./Candy Crush 1.45.1.ipa", 
"./Casino 8.1.2.ipa", "./Castle Clash 1.4.0.ipa", "./Champions 1.1.0.ipa", 
"./Clash of Clans 6.407.8.ipa", "./Clash of Lords 2 2.0.9.ipa", 
"./Commander 2.4.4.ipa", "./ContractKiller 1.2.0.ipa", "./Cookie Jam 3.30.104.ipa", 
"./Cooking Fever 1.3.ipa", "./Covet 2.15.72.ipa", "./Criminal Case 1.4.1.ipa", 
"./Crossy Road 1.1.19.ipa", "./Diamond Dig 1.11.0.ipa", "./DoubleDown 3.5.2.ipa", 
"./DoubleU 3.2.0.ipa", "./DragonCity 3.0.3.ipa", "./Dragons 4.4.0.ipa", 
"./Elemental K. 1.6.3.ipa", "./Empire 1.15.67.ipa", "./Empire Z 0.1.3.ipa", 
"./Family Guy 1.6.7.ipa", "./Farm Heroes Saga 2.19.4.ipa", "./FarmVille 2 2.6.175.ipa", 
"./Free Fall 2.4.0.ipa", "./FreePlay 5.11.0.ipa", "./GSN Casino 3.10.0.ipa", 
"./Game of War 2.12.226.ipa", "./Gummy Drop! 1.4.1.ipa", "./Hay Day 1.22.153.ipa", 
"./Heart of Vegas 2.0.947.ipa", "./Heroes 1.3.0.ipa", "./Heroes Charge 1.6.1.ipa", 
"./Hit It Rich 1.4.5321.ipa", "./Hobbit_ KoM 12.1.0.ipa", "./House of Fun 2.11.1.ipa", 
"./INJUSTICE 2.3.1.ipa", "./Immortals 1.0.4.ipa", "./ImperiaOnline 6.2.1.ipa", 
"./Jackpot Party 4.02.ipa", "./Kardashian 2.6.0.ipa", "./Looney Tunes 1.48.ipa", 
"./MaddenMobile 2.4.1.ipa", "./My Angela 1.2.ipa", "./My Tom 2.2.1.ipa", 
"./O&C Duels 1.7.2.ipa", "./Panda Pop 2.5.1.ipa", "./Perfect Kick 1.1.5.ipa", 
"./Pet Rescue 1.36.3.ipa", "./Puzzle Quest 70.0.263330.ipa", 
"./Racing Rivals 3.2.0.ipa", "./Restaurant 2 1.5.1.ipa", "./SimCity 1.2.23.ipa", 
"./Slotomania 1.66.0.ipa", "./Slots - P. Way 5.5.ipa", "./Slots 2.4.0.ipa", 
"./Sniper 3D 1.3.ipa", "./Stormfall 1.65.0.ipa", "./Subway Surf 1.34.0.ipa", 
"./Summoners War 1.4.3.ipa", "./Superstar 4.2.ipa", "./Tetris Blitz 1.9.1.ipa", 
"./Top Eleven 3.0.2.ipa", "./Tribal Wars 2.2.1.ipa", "./Trivia Crack 1.9.3.ipa", 
"./Tyrant 1.41.ipa", "./URF 1.0.15.ipa", "./Underworld 2.21.ipa", 
"./Valor HD 3.1.0.ipa", "./WSOP 2.7.3.ipa", "./WWE SuperCard 1.0.123407.ipa", 
"./Warriors 3 3.3.0.ipa", "./Wizard of Oz 3.0.23.ipa", "./WordBrain 1.3.9.ipa", 
"./X-Men_ BotA 1.2.0.ipa", "./Zynga Poker 20.82.ipa", "./myVEGAS 1.13.0.ipa", 
"./pengle 1.3.3.ipa", "./\346\226\260\351\203\250\350\220\275\345\256\210\345\215\253\346\210\230 2.3.ipa"
), class = "factor"), V2 = structure(c(2L, 1L, 89L, 4L, 5L, 6L, 
7L, 8L, 9L, 10L, 11L, 12L, 13L, 13L, 14L, 15L, 16L, 1L, 17L, 
18L, 19L, 20L, 21L, 22L, 23L, 24L, 85L, 25L, 26L, 27L, 28L, 29L, 
30L, 32L, 31L, 33L, 34L, 35L, 36L, 37L, 39L, 38L, 40L, 1L, 41L, 
42L, 1L, 43L, 44L, 45L, 47L, 48L, 46L, 49L, 50L, 51L, 52L, 53L, 
54L, 87L, 55L, 56L, 88L, 57L, 58L, 60L, 61L, 62L, 64L, 65L, 67L, 
66L, 68L, 69L, 70L, 63L, 71L, 72L, 73L, 74L, 59L, 75L, 77L, 76L, 
78L, 86L, 81L, 82L, 79L, 80L, 83L, 84L, 3L), .Label = c("", "8 Ball Pool", 
"BLMobile", "Bahamut", "Bingo", "Bingo Bash\342\204\242 featuring Wheel of Fortune\302\256 Bingo and more!", 
"Bingo Blitz", "Blitz", "Boom Beach", "BubbleWitch2", "Caesars Slots", 
"Camp", "Candy Crush", "Casino", "Castle Clash", "Champions", 
"Clash of Lords 2", "Commander", "ContractKiller", "Cookie Jam", 
"Cooking Fever", "Covet", "Criminal Case", "Crossy Road", "Diamond Digger", 
"DoubleDown", "DoubleU", "DragonCity", "Dragons", "Elemental K.", 
"Empire Z", "EmpireFourKingdoms", "Family Guy", "Farm Heroes Saga", 
"FarmVille 2", "Free Fall", "FreePlay", "GSN Casino", "Game of War", 
"Gummy Drop!", "Heart of Vegas", "Heroes", "Hit It Rich", "Hobbit", 
"House of Fun", "INJUSTICE", "Immortals", "ImperiaOnline", "Jackpot Party", 
"Kardashian", "Looney Tunes", "MaddenMobile", "My Angela", "My Tom", 
"OC Duels", "Panda Pop", "PenaltyVS_Crystal", "Pet Rescue", "Preguntados", 
"Puzzle Quest", "Racing Rivals", "Restaurant2", "SMON_Kr", "SimCity", 
"Slotomania", "Slots", "Slots - P. Way", "Sniper 3D", "Stormfall", 
"Subway Surf", "Superstar", "Tetris Blitz", "Top Eleven", "Tribal Wars", 
"Tyrant", "URF", "Underworld", "Valor HD", "WSOP", "WWE SuperCard", 
"Wizard of Oz", "WordBrain", "X-Men: BotA", "Zynga Poker", "csr4c3", 
"ewarriors3", "myVEGAS", "pengle", "rescuerangers"), class = "factor"), 
    V3 = structure(c(36L, 27L, 50L, 37L, 57L, 4L, 5L, 51L, 59L, 
    33L, 49L, 43L, 33L, 33L, 3L, 28L, 31L, 59L, 28L, 13L, 24L, 
    56L, 39L, 11L, 52L, 26L, 38L, 33L, 14L, 15L, 58L, 31L, 65L, 
    25L, 17L, 62L, 33L, 64L, 13L, 16L, 35L, 20L, 3L, 59L, 53L, 
    2L, 67L, 64L, 31L, 42L, 63L, 29L, 63L, 44L, 24L, 64L, 16L, 
    41L, 41L, 48L, 21L, 56L, 10L, 7L, 33L, 12L, 8L, 60L, 16L, 
    49L, 6L, 22L, 19L, 46L, 32L, 9L, 66L, 16L, 40L, 30L, 18L, 
    34L, 45L, 55L, 54L, 24L, 64L, 23L, 49L, 1L, 47L, 64L, 61L
    ), .Label = c("2K", "Activision Publishing, Inc.", "Big Fish Games, Inc", 
    "BitRhymes Inc.", "Buffalo Studios, LLC", "CERVO MEDIA GMBH", 
    "Chillingo Ltd", "Cie Games", "Com2uS Corp.", "CookApps", 
    "Crowdstar Inc", "D3PA", "Disney", "Double Down Interactive", 
    "DoubleUCasino", "Electronic Arts", "Ember Entertainment", 
    "Etermax", "Fun Games For Free", "Game Show Network", "Gameloft", 
    "Gamesys", "Gaming on the tail AB", "Glu Games Inc.", "Goodgame Studios", 
    "HIPSTER WHALE", "Haypi Co., Ltd.", "IGG.COM", "Imperia Online LTD", 
    "InnoGames", "Kabam", "Kiloo", "King.com Limited", "Kongregate", 
    "Machine Zone, Inc", "Miniclip.com", "Mobage, Inc.", "NaturalMotion", 
    "Nordcurrent", "Nordeus", "Outfit7 Limited", "Pacific-Interactive ltd", 
    "PennyPop", "Phantom EFX", "Phoenix Age, Inc.", "Plarium Global Ltd", 
    "PlayNext 51, LLC", "PlayStudios", "Playtika LTD", "Pocket Gems, Inc.", 
    "PopCap", "Pretty Simple", "Product Madness", "Quark Games LLC", 
    "Reliance Big Entertainment UK Private Ltd", "SGN", "Shark Party", 
    "Social Point", "Supercell", "TeamLava", "Tencent Technology (Shanghai) Co., Ltd", 
    "TinyCo, Inc.", "Warner Bros.", "Zynga Inc.", "fedeen games", 
    "nanobitsoftware.com", "uCool"), class = "factor"), V4 = structure(c(82L, 
    4L, 83L, 3L, 7L, 8L, 9L, 5L, 10L, 53L, 11L, 31L, 88L, 54L, 
    6L, 55L, 73L, 12L, 56L, 86L, 57L, 74L, 13L, 14L, 15L, 58L, 
    59L, 60L, 17L, 18L, 19L, 20L, 61L, 21L, 41L, 63L, 64L, 22L, 
    66L, 36L, 78L, 68L, 45L, 23L, 24L, 71L, 69L, 70L, 65L, 25L, 
    46L, 26L, 46L, 72L, 28L, 29L, 30L, 75L, 76L, 77L, 32L, 79L, 
    80L, 33L, 81L, 35L, 67L, 84L, 38L, 39L, 40L, 27L, 85L, 87L, 
    89L, 37L, 42L, 43L, 44L, 16L, 34L, 90L, 47L, 91L, 48L, 62L, 
    51L, 52L, 49L, 50L, 92L, 1L, 2L),